name: HAYDEN
camera:
  fov: 81
  base_speed: 6.57999992
  far: 127.75
  near: 0.100000001