name: HAYDEN
camera:
  fov: 58
  base_speed: 6.84000015
  far: 127.75
  near: 0.100000001